probe                        split           n  gm   pos    AUC   95%CI(game-boot) | AUCstrat            95%CI    pairs
A_commit_None                train        7340  50 0.367  0.737 [ 0.721, 0.753] |    0.705 [ 0.687, 0.724]    22641
A_commit_None                val          1592  10 0.395  0.660 [ 0.606, 0.713] |    0.593 [ 0.558, 0.629]     5334
A_commit_None                ho_seen      3967  25 0.390  0.668 [ 0.648, 0.689] |    0.594 [ 0.564, 0.622]    12249
A_commit_None                ho_unseen    3341  21 0.386  0.687 [ 0.661, 0.709] |    0.590 [ 0.563, 0.614]    10224

Acrop_commit_None            train        7340  50 0.367  0.783 [ 0.770, 0.796] |    0.746 [ 0.727, 0.764]    22641
Acrop_commit_None            val          1592  10 0.395  0.719 [ 0.673, 0.763] |    0.660 [ 0.613, 0.696]     5334
Acrop_commit_None            ho_seen      3967  25 0.390  0.715 [ 0.697, 0.732] |    0.642 [ 0.614, 0.670]    12249
Acrop_commit_None            ho_unseen    3341  21 0.386  0.708 [ 0.681, 0.732] |    0.605 [ 0.577, 0.631]    10224

Acrop_commit_None_level      train        7340  50 0.696  0.973 [ 0.967, 0.979] |    0.733 [ 0.661, 0.804]     1874
Acrop_commit_None_level      val          1592  10 0.652  0.957 [ 0.933, 0.973] |    0.666 [ 0.602, 0.723]      359
Acrop_commit_None_level      ho_seen      3967  25 0.699  0.950 [ 0.941, 0.959] |    0.706 [ 0.573, 0.814]      579
Acrop_commit_None_level      ho_unseen    3341  21 0.695  0.956 [ 0.940, 0.967] |    0.630 [ 0.522, 0.704]      972

Acrop_gold_None              train        4821  50 0.190  0.875 [ 0.861, 0.888] |    0.824 [ 0.798, 0.848]     7565
Acrop_gold_None              val           911  10 0.204  0.753 [ 0.718, 0.782] |    0.618 [ 0.557, 0.666]     1216
Acrop_gold_None              ho_seen      2421  25 0.188  0.782 [ 0.761, 0.805] |    0.678 [ 0.632, 0.722]     3321
Acrop_gold_None              ho_unseen    2067  21 0.206  0.761 [ 0.715, 0.798] |    0.623 [ 0.566, 0.692]     3207

B_commit_gridcnn             train        7264  50 0.370  0.796 [ 0.782, 0.809] |    0.785 [ 0.770, 0.801]    22454
B_commit_gridcnn             val          1564  10 0.399  0.695 [ 0.652, 0.739] |    0.635 [ 0.591, 0.674]     5279
B_commit_gridcnn             ho_seen      3855  25 0.395  0.691 [ 0.665, 0.717] |    0.634 [ 0.603, 0.664]    12003
B_commit_gridcnn             ho_unseen     693   7 0.463  0.675 [ 0.560, 0.738] |    0.554 [ 0.497, 0.601]     2130

B_commit_gridcnn_level       train        7264  50 0.693  1.000 [ 1.000, 1.000] |    1.000 [ 1.000, 1.000]     1874
B_commit_gridcnn_level       val          1564  10 0.646  0.832 [ 0.801, 0.862] |    0.526 [ 0.405, 0.627]      359
B_commit_gridcnn_level       ho_seen      3855  25 0.690  0.818 [ 0.791, 0.845] |    0.565 [ 0.454, 0.699]      579
B_commit_gridcnn_level       ho_unseen     693   7 0.528  0.863 [ 0.773, 0.904] |    0.684 [ 0.500, 0.719]      313

B_commit_linear              train        7264  50 0.370  0.741 [ 0.725, 0.756] |    0.713 [ 0.697, 0.728]    22454
B_commit_linear              val          1564  10 0.399  0.666 [ 0.621, 0.706] |    0.607 [ 0.568, 0.642]     5279
B_commit_linear              ho_seen      3855  25 0.395  0.672 [ 0.648, 0.696] |    0.604 [ 0.572, 0.635]    12003
B_commit_linear              ho_unseen     693   7 0.463  0.667 [ 0.591, 0.704] |    0.533 [ 0.506, 0.550]     2130

B_gold_gridcnn               train        5970  50 0.184  0.814 [ 0.795, 0.833] |    0.775 [ 0.749, 0.800]    10206
B_gold_gridcnn               val          1125  10 0.188  0.769 [ 0.730, 0.805] |    0.652 [ 0.622, 0.675]     1616
B_gold_gridcnn               ho_seen      2992  25 0.194  0.723 [ 0.693, 0.754] |    0.621 [ 0.570, 0.685]     5265
B_gold_gridcnn               ho_unseen     755   7 0.281  0.711 [ 0.593, 0.775] |    0.523 [ 0.422, 0.623]     2543

C_commit_gridcnn             train        7264  50 0.370  0.818 [ 0.805, 0.830] |    0.812 [ 0.796, 0.826]    22454
C_commit_gridcnn             val          1564  10 0.399  0.693 [ 0.641, 0.745] |    0.633 [ 0.592, 0.675]     5279
C_commit_gridcnn             ho_seen      3855  25 0.395  0.692 [ 0.664, 0.719] |    0.635 [ 0.601, 0.668]    12003
C_commit_gridcnn             ho_unseen     693   7 0.463  0.691 [ 0.611, 0.730] |    0.575 [ 0.505, 0.633]     2130

C_gold_gridcnn               train        5970  50 0.184  0.963 [ 0.957, 0.968] |    0.964 [ 0.955, 0.972]    10206
C_gold_gridcnn               val          1125  10 0.188  0.783 [ 0.726, 0.824] |    0.681 [ 0.618, 0.728]     1616
C_gold_gridcnn               ho_seen      2992  25 0.194  0.713 [ 0.684, 0.743] |    0.605 [ 0.554, 0.664]     5265
C_gold_gridcnn               ho_unseen     755   7 0.281  0.696 [ 0.579, 0.760] |    0.547 [ 0.440, 0.636]     2543

D_commit_linear              train        3359  50 0.382  0.716 [ 0.697, 0.736] |    0.650 [ 0.624, 0.677]     5484
D_commit_linear              val           630  10 0.408  0.716 [ 0.680, 0.744] |    0.664 [ 0.597, 0.720]      786
D_commit_linear              ho_seen      1667  25 0.417  0.701 [ 0.676, 0.724] |    0.608 [ 0.578, 0.645]     2418
D_commit_linear              ho_unseen     693   7 0.463  0.692 [ 0.606, 0.741] |    0.564 [ 0.512, 0.615]     2130

D_commit_mlp                 train        3359  50 0.382  0.714 [ 0.691, 0.736] |    0.658 [ 0.631, 0.686]     5484
D_commit_mlp                 val           630  10 0.408  0.728 [ 0.688, 0.760] |    0.678 [ 0.601, 0.742]      786
D_commit_mlp                 ho_seen      1667  25 0.417  0.705 [ 0.678, 0.729] |    0.622 [ 0.583, 0.667]     2418
D_commit_mlp                 ho_unseen     693   7 0.463  0.731 [ 0.669, 0.766] |    0.587 [ 0.550, 0.614]     2130

S_commit_mlp                 train        7343  50 0.367  0.684 [ 0.669, 0.697] |    0.585 [ 0.569, 0.601]    22650
S_commit_mlp                 val          1592  10 0.395  0.667 [ 0.628, 0.708] |    0.578 [ 0.562, 0.593]     5334
S_commit_mlp                 ho_seen      3967  25 0.390  0.693 [ 0.676, 0.708] |    0.593 [ 0.558, 0.629]    12249
S_commit_mlp                 ho_unseen    3341  21 0.386  0.708 [ 0.684, 0.729] |    0.572 [ 0.539, 0.602]    10224

S_commit_mlp_dt_last_gold-n_gold train        7343  50 0.367  0.586 [ 0.572, 0.599] |    0.578 [ 0.559, 0.595]    22650
S_commit_mlp_dt_last_gold-n_gold val          1592  10 0.395  0.600 [ 0.575, 0.624] |    0.589 [ 0.563, 0.615]     5334
S_commit_mlp_dt_last_gold-n_gold ho_seen      3967  25 0.390  0.613 [ 0.583, 0.643] |    0.598 [ 0.562, 0.630]    12249
S_commit_mlp_dt_last_gold-n_gold ho_unseen    3341  21 0.386  0.585 [ 0.557, 0.611] |    0.563 [ 0.534, 0.591]    10224

S_commit_mlp_level-hp_frac   train        7343  50 0.367  0.641 [ 0.623, 0.657] |    0.507 [ 0.491, 0.524]    22650
S_commit_mlp_level-hp_frac   val          1592  10 0.395  0.623 [ 0.577, 0.671] |    0.485 [ 0.449, 0.523]     5334
S_commit_mlp_level-hp_frac   ho_seen      3967  25 0.390  0.642 [ 0.622, 0.660] |    0.507 [ 0.480, 0.534]    12249
S_commit_mlp_level-hp_frac   ho_unseen    3341  21 0.386  0.674 [ 0.644, 0.703] |    0.524 [ 0.505, 0.543]    10224

S_commit_mlp_minutes         train        7343  50 0.367  0.633 [ 0.613, 0.650] |    0.523 [ 0.504, 0.543]    22650
S_commit_mlp_minutes         val          1592  10 0.395  0.623 [ 0.577, 0.672] |    0.511 [ 0.483, 0.542]     5334
S_commit_mlp_minutes         ho_seen      3967  25 0.390  0.635 [ 0.613, 0.654] |    0.533 [ 0.513, 0.551]    12249
S_commit_mlp_minutes         ho_unseen    3341  21 0.386  0.671 [ 0.641, 0.698] |    0.537 [ 0.506, 0.569]    10224

S_gold_mlp                   train       13781  50 0.160  0.753 [ 0.738, 0.767] |    0.576 [ 0.556, 0.597]    44661
S_gold_mlp                   val          2922  10 0.171  0.737 [ 0.704, 0.770] |    0.571 [ 0.532, 0.603]     9966
S_gold_mlp                   ho_seen      6890  25 0.178  0.746 [ 0.731, 0.761] |    0.587 [ 0.546, 0.625]    22605
S_gold_mlp                   ho_unseen    5799  21 0.177  0.759 [ 0.739, 0.779] |    0.560 [ 0.528, 0.590]    18490

cheat_commit_None            train        4596  50 0.375  0.996 [ 0.994, 0.997] |    0.994 [ 0.991, 0.996]     9171
cheat_commit_None            val           881  10 0.413  0.964 [ 0.949, 0.976] |    0.967 [ 0.944, 0.987]     1682
cheat_commit_None            ho_seen      2371  25 0.407  0.959 [ 0.953, 0.965] |    0.950 [ 0.937, 0.961]     4551
cheat_commit_None            ho_unseen     235   3 0.647  0.923 [ 0.864, 0.983] |    0.890 [ 0.872, 0.977]      864

